362 11141111. ’

champagne 1144144114 34, 41144411 01413114, 484444, 41414 111141
111144444111. 132. 3111114175.
0141144(1141141),1141411114314414 01411441,[Μ41114]4111ο1 41444111
34444114141144141111141144443 1114114131. 4444114414414111411444,
1114414141441411141414441111411 iii. 134.
0114111144414144111141,1.214.6ιῐΙ 01141111ῃ ι1111141144 4141114141 41, 4.
remo 44 u 4 o· u 1
14444 4,,1111 3411411041111114· 0144141,1141411Ρ444414,1141141141,
1114111 14444441444, 1. 240, 141144 11. 27· dies, 213.
34114, 4434411414144 41111411, 11., 0144141,14441,1144414114314 coven-
4441144 411441111111 034, 44314431 try, 11. 213.
him ρ1444414,242,11444141144 0144141, 4444143144 41 4. [,441.
1141414344 1441114 E'ngland, 249, 0144141, 44114 41, 4.Λ1114414,Μ44·
114114 Romo 443 34411414 1114 444· 4111444, and 8441.
41144 41144 111, 266, 11 whom 114 011414414411414 1141,
14 41411443 267· 44441114 1144414114 -Berthog,i.
411114 814111.,413414614 44144114 - 311,444141441111444444414.
14141413, 271 11434411, 272. 114441 141444 ,4141114141413414
014114414011441411411441444141144444 ih 136.
8441141414113114111144111 -811143(41141410144144)44444·
1414 114·11141114111ὀ11>11111111 41414311. 205.
1111114141414,414.-1111111,“1.494.
01141144 14 0144, 44144144,1.334, his -34114344441011141144144 4144143,
114144, 340. 11. 370, 44444414143, 331.
charles 14 81141114, 1366,14411144 -111411131Ρ4414134444184114
1143111134, 34411141 41 34311413 114 bu consecrated, 111293, 4134443,
111341, 369, Β4141144 14444 11441111411441141411,14 inquire
Rullo. 443 giveshim 1114 daug 11141 14141114Ρ1141141141 1141114141444·
Gillo, 377. 31141· 11. 69, ·11 1144414143 to Dur·
0141144411,11111441,·1.232. 11441,166·,44114141431414(1414414
0111144144, Η41 h 34, 4444414143 with 4 114111441411 1411414 41 tho 1141144
111411414433111441141114 3414444 erc, 241, procum Hubert 34
4113411411 41111414. 350. Burg to 14 14414143 14 114 4114141

0114114 34 14144114131414116,ηἰὶ fromg which 114 had 1444 14144,

011411144114 1111141) 41 275.

194. - 1141 34 1111111141144111441
0141444443111414, 81441444444141, 114411 1.Ι) ,4144143 4141111411
11441143 41334143441114141 1114 044141141111.227,1414414Ῡι1ἕ
onqueror, ii. 26, 4441111144 1114 1114114114,ῌ223,4444
croso, 62, 14144 141141 Nor· battle 41 (1144144141 23.ῐτυιιὶ
414431, 79, 344411441114114411, 0111341411, 11414134114414, his
105,1141414.1144144 11441 411411141- 3441141. 100.

141114 141141, 114, 14111144, 173, 0111114114 44444434 hi· 14114101414114
14 41414 41 Rom 177. 1., 132.

01411144, 8441414 34, 44111143ωῇ 11. 014144 Gigantum? 11141144.

76. 011111,04141334,4114441141144441
0141114411111141434, [14441 ΜιΙοΙΙΙ 111. 131.

44441 41 841141·84144,]411114414 0111411444, grand-daughter of Eod-

1114 1141114113· 11. 44. mund Ι144·4ἰ34,1. 462, 496, 14-
04114114141111,111411441414 34, 4414- 4441444444112.

44344111. 22. christophor, 1141141. 370.
chaumont, Galo 34, 4414443443. Cincio (4 411114 41114144) 4444441

63, 120. 8. Ρ4411’4, 141143111444114414, 11.
0111414441,11411134,114 4411141411 231.

144341144141144441411195. 0144141111((4101111, 1.324,11-

01144144, 1141141134, 14144 prisoner 4141411141413,297,1114
1111411414111336. 324.

411111144441141413444.0144141114,44144141,4114141 14

 

